231
41
33
11
0
0
0
0
191
215
84
22
0
0
0
0
149
44
33
11
0
0
0
0
10
219
84
22
0
0
0
0
217
81
204
244
255
255
255
255
94
6
0
0
0
0
0
0
0
0
0
0
0
0
0
0
231
41
33
11
0
0
0
0
231
41
33
11
0
0
0
0
231
41
33
11
0
0
0
0
231
41
33
11
0
0
0
0
231
41
33
11
0
0
0
0
231
41
33
11
0
0
0
0
231
41
33
11
0
0
0
0
231
41
33
11
0
0
0
0
231
41
33
11
0
0
0
0
231
41
33
11
0
0
0
0
231
41
33
11
0
0
0
0
231
41
33
11
0
0
0
0
231
41
33
11
0
0
0
0
231
41
33
11
0
0
0
0
231
41
33
11
0
0
0
0
231
41
33
11
0
0
0
0
231
41
33
11
0
0
0
0
231
41
33
11
0
0
0
0
231
41
33
11
0
0
0
0
231
41
33
11
0
0
0
0
231
41
33
11
0
0
0
0
231
41
33
11
0
0
0
0
231
41
33
11
0
0
0
0
231
41
33
11
0
0
0
0
231
41
33
11
0
0
0
0
231
41
33
11
0
0
0
0
231
41
33
11
0
0
0
0
231
41
33
11
0
0
0
0
231
41
33
11
0
0
0
0
231
41
33
11
0
0
0
0
231
41
33
11
0
0
0
0
231
41
33
11
0
0
0
0
231
41
33
11
0
0
0
0
